ident

#face
sphere
245 360 0 20 0.04
sphere
250 357 0 19 0.05
sphere
255 354 0 18 0.05
sphere
260 351 0 16 0.05
sphere
265 348 0 15 0.05

#ear
sphere
235 375 0 10 0.05
sphere
232 380 0 7 0.1
sphere
229 385 0 5 0.1
sphere
226 391 0 3 0.1
sphere
235 380 0 5 0.1
sphere
237 385 0 5 0.1
sphere
239 392 0 3 0.1

#neck
sphere
235 340 0 10 0.05
sphere
233 330 0 10 0.05
sphere
231 320 0 10 0.05
sphere
229 310 0 10 0.05
sphere
227 300 0 10 0.05
sphere
225 290 0 10 0.05
sphere
223 280 0 10 0.05
sphere
221 270 0 10 0.05
sphere
219 260 0 10 0.05
sphere
217 250 0 10 0.05
sphere
215 240 0 10 0.05

#body
sphere
205 240 0 10 0.05
sphere
195 240 0 10 0.05
sphere
185 240 0 10 0.05
sphere
175 240 0 10 0.05
sphere
165 240 0 10 0.05
sphere
155 240 0 10 0.05

#rightlegs
sphere
220 240 0 5 0.1
sphere
220 230 0 5 0.1
sphere
220 220 0 5 0.1
sphere
220 210 0 5 0.1
sphere
220 200 0 5 0.1
sphere
220 190 0 5 0.1
sphere
220 180 0 5 0.1

#leftlegs
sphere
150 240 0 5 0.1
sphere
150 230 0 5 0.1
sphere
150 220 0 5 0.1
sphere
150 210 0 5 0.1
sphere
150 200 0 5 0.1
sphere
150 190 0 5 0.1
sphere
150 180 0 5 0.1

move
20 0 0 
apply

#sock
line
140 450 1 310 450 1
line
140 449 1 310 449 1
line
140 200 1 140 450 1
line
310 150 1 310 450 1
line
140 430 1 310 430 1
line
140 429 1 310 429 1
line
139 430 1 139 450 1
line
145 430 1 145 450 1
line
150 430 1 150 450 1
line
155 430 1 155 450 1
line
160 430 1 160 450 1
line
165 430 1 165 450 1
line
170 430 1 170 450 1
line
175 430 1 175 450 1
line
180 430 1 180 450 1
line
185 430 1 185 450 1
line
190 430 1 190 450 1
line
195 430 1 195 450 1
line
200 430 1 200 450 1
line
205 430 1 205 450 1
line
210 430 1 210 450 1
line
215 430 1 215 450 1
line
220 430 1 220 450 1
line
225 430 1 225 450 1
line
230 430 1 230 450 1
line
235 430 1 235 450 1
line
240 430 1 240 450 1
line
245 430 1 245 450 1
line
250 430 1 250 450 1
line
255 430 1 255 450 1
line
260 430 1 260 450 1
line
265 430 1 265 450 1
line
270 430 1 270 450 1
line
275 430 1 275 450 1
line
280 430 1 280 450 1
line
285 430 1 285 450 1
line
290 430 1 290 450 1
line
295 430 1 295 450 1
line
300 430 1 300 450 1
line
305 430 1 305 450 1
line
310 430 1 310 450 1
line
311 430 1 311 450 1
bezier
140 200 -42 109 -7 -114 310 150
bezier
310 187 262 178 258 132 267 115

save
sock.png
display